202132142558,24.84728,31.90665,4.766989
20213214264,24.76148,31.89902,4.772007
202132142610,24.82583,31.88376,4.772007
202132142616,24.84728,31.89139,4.766989
202132142622,24.82583,31.84561,4.772007
202132142628,24.82583,31.86087,4.777025
202132142634,24.8151,31.81509,4.766989
202132142640,24.76148,31.81509,4.766989
202132142647,24.7722,31.79984,4.777025
202132142653,24.7722,31.82272,4.772007
202132142659,24.74003,31.80747,4.766989
20213214275,24.75075,31.82272,4.761971
202132142711,24.76148,31.81509,4.772007
202132142717,24.76148,31.82272,4.772007
202132142723,24.76148,31.79984,4.766989
202132142729,24.76148,31.79221,4.777025
202132142735,24.74003,31.78458,4.772007
202132142741,24.80438,31.76169,4.766989
202132142747,24.79366,31.76932,4.761971
202132142753,24.79366,31.76169,4.777025
202132142759,24.79366,31.75406,4.777025
20213214285,24.84728,31.76932,4.761971
202132142811,24.8151,31.75406,4.761971
202132142817,24.80438,31.74643,4.777025
202132142823,24.80438,31.74643,4.777025
202132142830,24.74003,31.75406,4.772007
202132142836,24.7722,31.74643,4.766989
202132142842,24.80438,31.74643,4.772007
202132142848,24.75075,31.74643,4.766989
202132142854,24.74003,31.74643,4.766989
20213214290,24.74003,31.73117,4.777025
20213214296,24.78293,31.74643,4.777025
202132142912,24.7722,31.73117,4.772007
202132142918,24.7722,31.71591,4.772007
202132142924,24.7722,31.72354,4.777025
202132142930,24.78293,31.71591,4.772007
202132142936,24.76148,31.70828,4.766989
202132142942,24.75075,31.69302,4.772007
202132142948,24.78293,31.69302,4.777025
202132142955,24.78293,31.6854,4.766989
20213214301,24.80438,31.67014,4.761971
20213214307,24.79366,31.67777,4.777025
202132143013,24.8151,31.65488,4.772007
202132143019,24.80438,31.67014,4.772007
202132143025,24.83656,31.67014,4.761971
202132143031,24.83656,31.67777,4.777025
202132143037,24.86873,31.63962,4.782043
202132143043,24.87946,31.63199,4.766989
202132143049,24.87946,31.63962,4.766989
202132143055,24.858,31.62436,4.772007
20213214311,24.86873,31.62436,4.777025
20213214317,24.92236,31.61673,4.761971
202132143113,24.91163,31.59384,4.787061
202132143120,24.9009,31.60147,4.772007
202132143126,24.89018,31.58621,4.766989
202132143132,24.86873,31.59384,4.761971
202132143138,24.87946,31.60147,4.772007
202132143144,24.86873,31.60147,4.772007
202132143150,24.89018,31.61673,4.761971
202132143156,24.86873,31.65488,4.766989
20213214322,24.89018,31.64725,4.782043
20213214328,24.89018,31.67014,4.766989
202132143214,24.91163,31.65488,4.772007
202132143220,24.93308,31.67014,4.772007
202132143226,24.93308,31.65488,4.772007
202132143232,24.89018,31.65488,4.766989
202132143238,24.87946,31.6854,4.766989
202132143244,24.86873,31.74643,4.772007
202132143250,24.858,31.76169,4.777025
202132143256,24.83656,31.75406,4.772007
20213214333,24.87946,31.76932,4.772007
20213214339,24.87946,31.74643,4.777025
202132143315,24.91163,31.7388,4.772007
202132143321,24.84728,31.78458,4.766989
202132143327,24.89018,31.86087,4.766989
202132143333,24.87946,31.88376,4.772007
202132143339,24.9009,31.8685,4.777025
202132143345,24.9009,31.8685,4.766989
202132143351,24.91163,31.88376,4.772007
202132143357,24.858,31.88376,4.782043
20213214343,24.9009,31.89902,4.772007
20213214349,24.858,31.87613,4.761971
202132143415,24.9009,31.86087,4.772007
202132143421,24.89018,31.83798,4.772007
202132143427,24.93308,31.82272,4.772007
202132143433,24.89018,31.78458,4.766989
202132143440,24.86873,31.75406,4.772007
202132143446,24.87946,31.73117,4.772007
202132143452,24.858,31.71591,4.772007
202132143458,24.86873,31.70828,4.772007
20213214354,24.9009,31.70828,4.766989
202132143510,24.89018,31.66251,4.777025
202132143516,24.9009,31.63962,4.772007
202132143522,24.89018,31.64725,4.761971
202132143528,24.91163,31.62436,4.777025
202132143534,24.86873,31.62436,4.766989
202132143540,24.83656,31.62436,4.766989
202132143546,24.83656,31.69302,4.766989
202132143552,24.82583,31.78458,4.777025
202132143558,24.86873,31.8685,4.782043
20213214364,24.84728,31.94479,4.777025
202132143610,24.86873,32.00583,4.766989
202132143617,24.91163,32.00583,4.772007
202132143623,24.9009,31.98294,4.777025
202132143629,24.92236,31.96768,4.772007
202132143635,24.9009,31.93717,4.777025
202132143641,24.93308,31.91428,4.772007
202132143647,24.93308,31.88376,4.766989
202132143653,24.89018,31.84561,4.772007
202132143659,24.96526,31.81509,4.782043
20213214375,24.9009,31.76169,4.772007
202132143711,24.89018,31.71591,4.766989
202132143717,24.91163,31.70828,4.766989
202132143723,24.89018,31.6854,4.772007
202132143729,24.83656,31.69302,4.782043
202132143735,24.82583,31.72354,4.766989
202132143741,24.8151,31.74643,4.761971
202132143748,24.84728,31.75406,4.777025
202132143754,24.87946,31.74643,4.766989
20213214380,24.83656,31.75406,4.772007
20213214386,24.82583,31.74643,4.782043
202132143812,24.87946,31.75406,4.782043
202132143818,24.84728,31.74643,4.766989
202132143824,24.87946,31.7388,4.772007
202132143830,24.9009,31.70828,4.772007
202132143836,24.9009,31.6854,4.777025
202132143842,24.86873,31.67014,4.766989
202132143848,24.89018,31.67777,4.772007
202132143854,24.84728,31.66251,4.772007
20213214390,24.82583,31.67014,4.782043
20213214397,24.79366,31.70828,4.766989
202132143913,24.79366,31.7388,4.777025
202132143919,24.75075,31.78458,4.777025
202132143925,24.79366,31.83035,4.772007
202132143931,24.8151,31.86087,4.766989
202132143937,24.8151,31.8685,4.777025
202132143943,24.78293,31.87613,4.777025
202132143949,24.7722,31.89902,4.772007
202132143955,24.80438,31.92191,4.766989
20213214401,24.78293,31.92954,4.766989
20213214407,24.84728,31.94479,4.772007
202132144013,24.80438,31.95242,4.777025
202132144019,24.8151,31.97531,4.766989
202132144025,24.78293,32.01346,4.792079
202132144031,24.7722,32.02872,4.772007
202132144037,24.79366,32.02109,4.766989
202132144043,24.82583,32.02872,4.761971
202132144050,24.79366,32.02109,4.772007
202132144056,24.79366,32.00583,4.782043
20213214412,24.8151,31.9982,4.772007
20213214418,24.78293,31.97531,4.766989
202132144114,24.76148,32.01346,4.777025
202132144120,24.82583,32.02872,4.782043
202132144126,24.80438,32.03635,4.772007
202132144132,24.79366,32.05924,4.772007
202132144138,24.75075,32.07449,4.777025
202132144144,24.75075,32.08975,4.766989
202132144150,24.78293,32.08975,4.766989
202132144156,24.80438,32.07449,4.766989
20213214422,24.82583,32.04398,4.772007
20213214428,24.82583,32.04398,4.772007
202132144214,24.82583,32.02872,4.761971
202132144220,24.82583,32.02109,4.772007
202132144227,24.82583,32.02109,4.772007
202132144233,24.84728,32.02109,4.772007
202132144239,24.82583,32.02109,4.766989
202132144245,24.82583,32.02109,4.766989
202132144251,24.80438,32.02109,4.746918
202132144257,24.84728,32.03635,4.777025
20213214433,24.87946,32.00583,4.766989
20213214439,24.89018,31.98294,4.772007
202132144315,24.91163,31.96005,4.772007
202132144321,24.9009,31.95242,4.766989
202132144327,24.89018,31.92954,4.766989
202132144333,24.91163,31.89902,4.772007
202132144339,24.91163,31.90665,4.777025
202132144345,24.94381,31.89902,4.777025
202132144351,24.93308,31.8685,4.772007
202132144357,24.95453,31.84561,4.772007
20213214443,24.95453,31.83035,4.761971
202132144410,24.95453,31.82272,4.766989
202132144416,24.96526,31.80747,4.777025
202132144422,24.94381,31.81509,4.777025
202132144428,24.95453,31.84561,4.772007
202132144434,24.94381,31.86087,4.772007
202132144440,24.91163,31.89902,4.772007
202132144446,24.96526,31.92191,4.766989
202132144452,24.93308,31.92954,4.777025
202132144458,24.91163,31.92954,4.777025
20213214454,24.91163,31.92954,4.766989
202132144510,24.86873,31.93717,4.777025
202132144516,24.94381,31.96005,4.766989
202132144522,24.9009,31.98294,4.772007
202132144528,24.87946,32.02109,4.772007
202132144535,24.92236,32.04398,4.772007
202132144541,24.87946,32.04398,4.772007
202132144547,24.93308,32.06686,4.772007
202132144553,24.92236,32.04398,4.766989
202132144559,24.91163,32.02872,4.777025
20213214465,24.89018,32.03635,4.772007
202132144611,24.94381,32.06686,4.772007
202132144617,24.97598,32.05161,4.761971
202132144623,25.01888,32.02109,4.766989
202132144629,24.99743,32.00583,4.777025
202132144635,24.96526,31.97531,4.772007
202132144641,25.00816,31.96005,4.766989
202132144647,24.95453,31.96005,4.761971
202132144654,24.92236,31.93717,4.772007
20213214470,24.9009,31.93717,4.772007
20213214476,24.9009,31.96005,4.766989
202132144712,24.87946,32.00583,4.772007
202132144718,24.86873,32.10501,4.782043
202132144724,24.83656,32.15079,4.766989
202132144730,24.83656,32.14316,4.766989
202132144736,24.82583,32.1279,4.766989
202132144742,24.84728,32.1279,4.777025
202132144748,24.86873,32.12027,4.772007
202132144754,24.79366,32.05924,4.761971
20213214480,24.75075,32.03635,4.766989
20213214486,24.8151,32.01346,4.777025
202132144812,24.76148,32.00583,4.766989
202132144818,24.80438,32.01346,4.777025
202132144824,24.8151,31.99057,4.772007
202132144830,24.80438,31.97531,4.766989
202132144837,24.80438,31.95242,4.772007
202132144843,24.79366,31.95242,4.772007
202132144849,24.79366,31.95242,4.772007
202132144855,24.8151,31.95242,4.766989
20213214491,24.8151,31.94479,4.772007
20213214497,24.79366,31.94479,4.777025
202132144913,24.84728,31.93717,4.772007
202132144919,24.83656,31.92954,4.766989
202132144925,24.83656,31.91428,4.777025
202132144931,24.83656,31.89139,4.766989
202132144937,24.82583,31.88376,4.772007
202132144943,24.80438,31.88376,4.772007
202132144949,24.7722,31.8685,4.777025
202132144955,24.82583,31.87613,4.766989
20213214501,24.8151,31.87613,4.761971
20213214507,24.83656,31.88376,4.782043
202132145014,24.82583,31.85324,4.777025
202132145020,24.79366,31.87613,4.766989
202132145026,24.83656,31.92954,4.761971
202132145032,24.858,31.93717,4.777025
202132145038,24.87946,31.92954,4.772007
202132145044,24.89018,31.90665,4.746918
202132145050,24.89018,31.89902,4.782043
202132145056,24.86873,31.89902,4.772007
20213214512,24.87946,31.89139,4.761971
20213214518,24.89018,31.89902,4.766989
202132145114,24.858,31.89902,4.772007
202132145120,24.83656,31.90665,4.772007
202132145126,24.79366,31.91428,4.772007
202132145132,24.80438,31.92191,4.761971
202132145138,24.76148,31.94479,4.772007
202132145144,24.75075,31.96005,4.777025
202132145151,24.80438,31.98294,4.772007
202132145157,24.79366,31.97531,4.766989
20213214523,24.76148,31.98294,4.772007
20213214529,24.7293,32.00583,4.766989
202132145215,24.75075,32.02109,4.766989
202132145221,24.76148,32.03635,4.772007
202132145227,24.74003,32.03635,4.777025
202132145233,24.67568,32.03635,4.766989
202132145239,24.7293,32.08212,4.777025
202132145245,24.69713,32.08975,4.772007
202132145251,24.69713,32.10501,4.766989
202132145257,24.69713,32.09738,4.761971
20213214533,24.66496,32.08975,4.772007
20213214539,24.70786,32.11264,4.777025
202132145315,24.75075,32.1279,4.766989
202132145321,24.7722,32.12027,4.772007
202132145328,24.7293,32.08975,4.777025
202132145334,24.74003,32.07449,4.766989
202132145340,24.76148,32.04398,4.772007
202132145346,24.76148,32.02872,4.772007
202132145352,24.76148,32.00583,4.777025
202132145358,24.7722,32.00583,4.761971
20213214544,24.7722,31.98294,4.766989
202132145410,24.74003,31.96005,4.782043
202132145416,24.7293,31.95242,4.772007
202132145422,24.66496,31.96005,4.761971
202132145428,24.63278,31.99057,4.772007
202132145434,24.66496,32.02109,4.772007
202132145440,24.6864,32.02872,4.772007
202132145447,24.70786,32.03635,4.777025
202132145453,24.67568,32.02872,4.772007
202132145459,24.6864,32.00583,4.772007
20213214555,24.70786,32.02109,4.766989
202132145511,24.74003,31.98294,4.772007
202132145517,24.66496,31.97531,4.777025
202132145523,24.71858,31.97531,4.766989
202132145529,24.6435,31.96768,4.761971
202132145535,24.65423,31.98294,4.772007
202132145541,24.6864,32.01346,4.772007
202132145547,24.71858,32.03635,4.766989
202132145553,24.74003,32.04398,4.766989
202132145559,24.76148,32.04398,4.766989
20213214565,24.75075,32.05161,4.772007
202132145611,24.74003,32.07449,4.761971
202132145618,24.74003,32.10501,4.777025
202132145624,24.74003,32.11264,4.777025
202132145630,24.74003,32.11264,4.772007
202132145636,24.75075,32.12027,4.761971
202132145642,24.75075,32.11264,4.772007
202132145648,24.70786,32.11264,4.772007
202132145654,24.70786,32.15079,4.782043
20213214570,24.7722,32.17368,4.766989
20213214576,24.71858,32.18131,4.766989
202132145712,24.75075,32.17368,4.766989
202132145718,24.75075,32.17368,4.772007
202132145724,24.74003,32.15842,4.772007
202132145730,24.76148,32.15079,4.772007
202132145736,24.8151,32.12027,4.766989
202132145742,24.75075,32.08975,4.772007
202132145748,24.7293,32.08212,4.772007
202132145754,24.78293,32.05924,4.777025
20213214581,24.76148,32.05161,4.766989
20213214587,24.74003,32.04398,4.766989
202132145813,24.74003,32.04398,4.772007
202132145819,24.76148,32.04398,4.772007
202132145825,24.70786,32.03635,4.766989
202132145831,24.7293,32.06686,4.766989
202132145837,24.75075,32.08212,4.772007
202132145843,24.78293,32.07449,4.766989
202132145849,24.74003,32.07449,4.772007
202132145855,24.71858,32.07449,4.777025
20213214591,24.7293,32.08975,4.772007
20213214597,24.74003,32.08212,4.761971
202132145913,24.70786,32.08212,4.772007
202132145919,24.69713,32.09738,4.772007
202132145925,24.69713,32.10501,4.761971
202132145931,24.71858,32.11264,4.772007
202132145938,24.74003,32.12027,4.777025
202132145944,24.74003,32.08212,4.772007
202132145950,24.7293,32.07449,4.766989
202132145956,24.69713,32.06686,4.766989
2021321502,24.76148,32.08975,4.772007
2021321508,24.76148,32.08212,4.761971
20213215014,24.7722,32.05924,4.766989
20213215020,24.74003,32.05924,4.766989
20213215026,24.79366,32.04398,4.761971
20213215032,24.80438,32.05924,4.772007
20213215038,24.76148,32.04398,4.766989
20213215044,24.79366,32.02109,4.772007
20213215050,24.8151,32.01346,4.766989
20213215056,24.82583,32.01346,4.772007
2021321512,24.82583,32.00583,4.766989
2021321518,24.87946,32.02872,4.772007
20213215115,24.858,32.02872,4.772007
20213215121,24.87946,32.02872,4.761971
20213215127,24.858,32.02872,4.766989
20213215133,24.83656,32.07449,4.777025
20213215139,24.78293,32.12027,4.777025
20213215145,24.84728,32.18894,4.766989
20213215151,24.87946,32.18131,4.766989
20213215157,24.84728,32.24997,4.777025
2021321523,24.83656,32.31863,4.766989
2021321529,24.84728,32.31863,4.772007
20213215215,24.79366,32.37967,4.777025
20213215221,24.84728,32.42545,4.772007
20213215227,24.82583,32.47122,4.772007
20213215233,24.858,32.48648,4.766989
20213215240,24.89018,32.49411,4.782043
20213215246,24.84728,32.46359,4.766989
20213215252,24.83656,32.41782,4.766989
20213215258,24.83656,32.41019,4.772007
2021321534,24.84728,32.37204,4.772007
20213215310,24.84728,32.33389,4.777025
20213215316,24.84728,32.31863,4.766989
20213215322,24.858,32.27286,4.777025
20213215328,24.84728,32.23471,4.772007
20213215334,24.858,32.22708,4.761971
20213215340,24.79366,32.17368,4.772007
20213215346,24.83656,32.13553,4.772007
20213215352,24.76148,32.13553,4.772007
20213215359,24.82583,32.15842,4.772007
2021321545,24.83656,32.17368,4.772007
20213215411,24.82583,32.15079,4.766989
20213215417,24.82583,32.16605,4.766989
20213215423,24.83656,32.13553,4.772007
20213215429,24.83656,32.11264,4.772007
20213215435,24.8151,32.08212,4.761971
20213215441,24.8151,32.06686,4.772007
20213215447,24.82583,32.05924,4.772007
20213215453,24.86873,32.05924,4.777025
20213215459,24.84728,32.05924,4.766989
2021321555,24.82583,32.02109,4.772007
20213215511,24.83656,32.02872,4.777025
20213215517,24.858,32.02872,4.772007
20213215523,24.858,32.01346,4.766989
20213215529,24.89018,32.00583,4.777025
20213215536,24.89018,31.98294,4.772007
20213215542,24.93308,31.97531,4.761971
20213215548,24.93308,31.96005,4.772007
20213215554,24.92236,31.92954,4.777025
2021321560,24.91163,31.89139,4.772007
2021321566,24.93308,31.91428,4.772007
20213215612,24.89018,31.92191,4.777025
20213215618,24.89018,31.92954,4.761971
20213215624,24.858,31.93717,4.761971
20213215630,24.86873,31.92954,4.772007
20213215636,24.84728,31.93717,4.766989
20213215642,24.8151,31.94479,4.761971
20213215648,24.82583,31.96005,4.777025
20213215654,24.858,31.9982,4.766989
2021321570,24.82583,31.99057,4.761971
2021321576,24.80438,31.98294,4.777025
20213215713,24.84728,31.99057,4.772007
20213215719,24.87946,31.9982,4.766989
20213215725,24.83656,31.98294,4.766989
20213215731,24.87946,31.96768,4.782043
20213215737,24.87946,31.96005,4.761971
20213215743,24.84728,31.95242,4.766989
20213215749,24.89018,31.96768,4.766989
20213215755,24.86873,31.96768,4.777025
2021321581,24.82583,31.9982,4.766989
2021321587,24.86873,32.02872,4.772007
20213215813,24.80438,32.00583,4.772007
20213215819,24.8151,32.04398,4.761971
20213215825,24.7722,32.05924,4.772007
20213215831,24.7722,32.07449,4.777025
20213215837,24.7293,32.11264,4.766989
20213215843,24.75075,32.15079,4.772007
20213215850,24.79366,32.15842,4.777025
20213215856,24.79366,32.16605,4.777025
2021321592,24.82583,32.18131,4.766989
2021321598,24.76148,32.17368,4.777025
20213215914,24.74003,32.20419,4.772007
20213215920,24.75075,32.24997,4.766989
20213215926,24.82583,32.30338,4.777025
20213215932,24.78293,32.35678,4.766989
20213215938,24.8151,32.36441,4.761971
20213215944,24.84728,32.35678,4.772007
20213215950,24.82583,32.34152,4.772007
20213215956,24.82583,32.31101,4.761971
20213215102,24.82583,32.31863,4.766989
20213215108,24.8151,32.33389,4.787061
202132151014,24.78293,32.34152,4.782043
202132151020,24.75075,32.34915,4.761971
202132151027,24.82583,32.34152,4.772007
202132151033,24.78293,32.34152,4.772007
202132151039,24.82583,32.34915,4.772007
202132151045,24.8151,32.34152,4.777025
202132151051,24.82583,32.34915,4.777025
202132151057,24.79366,32.34152,4.756954
20213215113,24.79366,32.34915,4.772007
20213215119,24.82583,32.35678,4.777025
202132151115,24.82583,32.37204,4.772007
202132151121,24.84728,32.37204,4.766989
202132151127,24.79366,32.34915,4.766989
202132151133,24.79366,32.34152,4.777025
202132151139,24.79366,32.34915,4.766989
202132151145,24.82583,32.35678,4.761971
202132151151,24.8151,32.3873,4.777025
202132151157,24.82583,32.41019,4.772007
20213215124,24.82583,32.41019,4.766989
202132151210,24.79366,32.41782,4.777025
202132151216,24.84728,32.46359,4.772007
202132151222,24.858,32.43308,4.766989
202132151228,24.89018,32.42545,4.772007
202132151234,24.84728,32.41782,4.772007
202132151240,24.87946,32.39493,4.761971
202132151246,24.84728,32.3873,4.761971
202132151252,24.8151,32.32626,4.777025
202132151258,24.8151,32.32626,4.772007
20213215134,24.84728,32.31863,4.772007
202132151310,24.80438,32.31101,4.766989
202132151316,24.82583,32.32626,4.772007
202132151323,24.84728,32.35678,4.761971
202132151329,24.82583,32.35678,4.766989
202132151335,24.84728,32.33389,4.772007
202132151341,24.7722,32.31863,4.756954
202132151347,24.76148,32.33389,4.777025
202132151353,24.74003,32.32626,4.772007
202132151359,24.7722,32.32626,4.766989
20213215145,24.74003,32.32626,4.766989
202132151411,24.7722,32.31863,4.772007
202132151417,24.70786,32.31863,4.772007
202132151423,24.69713,32.36441,4.766989
202132151429,24.70786,32.40256,4.761971
202132151435,24.69713,32.43308,4.772007
202132151441,24.67568,32.44071,4.766989
202132151447,24.67568,32.45596,4.766989
202132151454,24.65423,32.49411,4.777025
20213215150,24.65423,32.50174,4.766989
20213215156,24.61133,32.53989,4.766989
202132151512,24.61133,32.54752,4.772007
202132151518,24.6006,32.57041,4.777025
202132151524,24.57916,32.60092,4.766989
202132151530,24.58987,32.60092,4.766989
202132151536,24.62206,32.63144,4.777025
202132151542,24.6006,32.63144,4.766989
202132151548,24.65423,32.63144,4.761971
202132151554,24.58987,32.62381,4.772007
20213215160,24.6435,32.63144,4.772007
20213215166,24.6006,32.58566,4.766989
202132151612,24.6006,32.57803,4.777025
202132151618,24.6435,32.60855,4.772007
202132151624,24.6435,32.58566,4.766989
202132151631,24.65423,32.56278,4.772007
202132151637,24.6006,32.53989,4.772007
202132151643,24.66496,32.53226,4.766989
202132151649,24.67568,32.50937,4.761971
202132151655,24.69713,32.50937,4.772007
20213215171,24.66496,32.47885,4.777025
20213215177,24.70786,32.47885,4.761971
202132151713,24.70786,32.50937,4.766989
202132151719,24.70786,32.47122,4.766989
202132151725,24.71858,32.48648,4.761971
202132151731,24.74003,32.46359,4.772007
202132151737,24.71858,32.46359,4.772007
202132151743,24.6864,32.43308,4.766989
202132151749,24.71858,32.45596,4.772007
202132151755,24.61133,32.50937,4.772007
20213215181,24.63278,32.59329,4.766989
20213215188,24.6435,32.6467,4.777025
202132151814,24.65423,32.66959,4.777025
202132151820,24.66496,32.67722,4.772007
202132151826,24.69713,32.68485,4.761971
202132151832,24.66496,32.66959,4.777025
202132151838,24.70786,32.66959,4.766989
202132151844,24.69713,32.65433,4.772007
202132151850,24.69713,32.63907,4.777025
202132151856,24.71858,32.62381,4.772007
20213215192,24.7722,32.58566,4.761971
20213215198,24.71858,32.59329,4.782043
202132151914,24.6864,32.57803,4.782043
202132151920,24.71858,32.6467,4.766989
202132151926,24.7293,32.66959,4.761971
202132151932,24.74003,32.66196,4.772007
202132151938,24.7722,32.66196,4.772007
202132151945,24.7722,32.65433,4.761971
202132151951,24.75075,32.6467,4.782043
202132151957,24.75075,32.6467,4.761971
20213215203,24.7722,32.62381,4.766989
20213215209,24.78293,32.59329,4.772007
202132152015,24.79366,32.57803,4.766989
202132152021,24.76148,32.57041,4.766989
202132152027,24.7722,32.54752,4.772007
202132152033,24.82583,32.517,4.772007
202132152039,24.76148,32.49411,4.772007
202132152045,24.7722,32.44833,4.766989
202132152051,24.79366,32.41782,4.766989
202132152057,24.7722,32.3873,4.772007
20213215213,24.79366,32.3873,4.766989
20213215219,24.82583,32.37204,4.772007
202132152116,24.7722,32.34152,4.766989
202132152122,24.78293,32.32626,4.772007
202132152128,24.79366,32.34152,4.777025
202132152134,24.79366,32.31863,4.772007
202132152140,24.79366,32.34915,4.766989
202132152146,24.7722,32.34152,4.777025
202132152152,24.8151,32.35678,4.766989
202132152158,24.8151,32.35678,4.766989
20213215224,24.84728,32.34152,4.777025
202132152210,24.82583,32.33389,4.756954
202132152216,24.8151,32.32626,4.761971
202132152222,24.8151,32.34152,4.772007
202132152228,24.82583,32.34152,4.772007
202132152235,24.82583,32.34915,4.766989
202132152241,24.78293,32.34915,4.772007
202132152247,24.79366,32.35678,4.772007
202132152253,24.74003,32.34915,4.766989
202132152259,24.79366,32.3873,4.772007
20213215235,24.74003,32.39493,4.772007
202132152311,24.7722,32.42545,4.772007
202132152317,24.78293,32.42545,4.766989
202132152323,24.8151,32.44071,4.782043
202132152329,24.8151,32.41019,4.766989
202132152335,24.82583,32.41019,4.772007
202132152341,24.82583,32.40256,4.777025
202132152347,24.82583,32.39493,4.766989
202132152353,24.83656,32.41019,4.777025
202132152359,24.82583,32.41019,4.772007
20213215246,24.80438,32.45596,4.761971
202132152412,24.858,32.50174,4.766989
202132152418,24.80438,32.49411,4.772007
202132152424,24.75075,32.50174,4.772007
202132152430,24.79366,32.50937,4.772007
202132152436,24.7722,32.50937,4.772007
202132152442,24.79366,32.48648,4.772007
202132152448,24.80438,32.48648,4.766989
202132152454,24.79366,32.46359,4.772007
20213215250,24.79366,32.46359,4.772007
20213215256,24.82583,32.45596,4.761971
202132152512,24.82583,32.46359,4.777025
202132152518,24.8151,32.49411,4.766989
202132152524,24.84728,32.53989,4.766989
202132152530,24.84728,32.52463,4.772007
202132152536,24.858,32.53989,4.772007
202132152543,24.84728,32.517,4.766989
202132152549,24.858,32.55515,4.772007
202132152555,24.91163,32.57041,4.777025
20213215261,24.89018,32.55515,4.772007
20213215267,24.858,32.52463,4.766989
202132152613,24.82583,32.49411,4.777025
202132152619,24.84728,32.48648,4.772007
202132152625,24.89018,32.44071,4.766989
202132152631,24.84728,32.39493,4.766989
202132152637,24.86873,32.40256,4.766989
202132152643,24.89018,32.37967,4.766989
202132152649,24.89018,32.35678,4.766989
202132152655,24.858,32.33389,4.761971
20213215271,24.87946,32.33389,4.772007
20213215277,24.858,32.31863,4.777025
202132152713,24.87946,32.32626,4.772007
202132152720,24.84728,32.29575,4.772007
202132152726,24.82583,32.29575,4.766989
202132152732,24.84728,32.28812,4.772007
202132152738,24.80438,32.28812,4.772007
202132152744,24.82583,32.28049,4.772007
202132152750,24.83656,32.28049,4.777025
202132152756,24.82583,32.28049,4.766989
20213215282,24.84728,32.28812,4.772007
20213215288,24.87946,32.27286,4.777025
202132152814,24.87946,32.27286,4.766989
202132152820,24.89018,32.24997,4.766989
202132152826,24.82583,32.24234,4.761971
202132152832,24.89018,32.26523,4.777025
202132152838,24.86873,32.28812,4.761971
202132152844,24.86873,32.26523,4.766989
202132152850,24.75075,32.27286,4.772007
202132152857,24.79366,32.31863,4.766989
20213215293,24.83656,32.34915,4.772007
20213215299,24.83656,32.34152,4.772007
202132152915,24.79366,32.34915,4.766989
202132152921,24.84728,32.34152,4.772007
202132152927,24.86873,32.35678,4.777025
202132152933,24.82583,32.32626,4.766989
202132152939,24.84728,32.34152,4.766989
202132152945,24.8151,32.34152,4.777025
202132152951,24.78293,32.35678,4.772007
202132152957,24.7293,32.3873,4.766989
20213215303,24.76148,32.40256,4.766989
20213215309,24.78293,32.43308,4.777025
202132153015,24.79366,32.44071,4.772007
202132153022,24.76148,32.46359,4.766989
202132153028,24.78293,32.48648,4.761971
202132153034,24.80438,32.48648,4.766989
202132153040,24.8151,32.48648,4.772007
202132153046,24.8151,32.50174,4.772007
202132153052,24.82583,32.50937,4.766989
202132153058,24.82583,32.50174,4.777025
20213215314,24.79366,32.48648,4.777025
202132153110,24.76148,32.47885,4.772007
202132153116,24.76148,32.49411,4.766989
202132153122,24.65423,32.49411,4.777025
202132153128,24.63278,32.50174,4.766989
202132153134,24.61133,32.56278,4.766989
202132153141,24.6435,32.57803,4.777025
202132153147,24.67568,32.60092,4.766989
202132153153,24.67568,32.60855,4.772007
202132153159,24.6864,32.61618,4.772007
20213215325,24.71858,32.63144,4.772007
202132153211,24.66496,32.62381,4.766989
202132153217,24.7293,32.61618,4.772007
202132153223,24.6864,32.63144,4.761971
202132153229,24.74003,32.62381,4.766989
202132153235,24.74003,32.61618,4.777025
202132153241,24.74003,32.57041,4.772007
202132153247,24.70786,32.55515,4.761971
202132153253,24.7293,32.54752,4.772007
202132153259,24.6864,32.56278,4.766989
20213215335,24.69713,32.56278,4.766989
202132153311,24.66496,32.57041,4.772007
202132153318,24.66496,32.58566,4.761971
202132153324,24.61133,32.57041,4.772007
202132153330,24.6006,32.60092,4.777025
202132153336,24.63278,32.63907,4.772007
202132153342,24.63278,32.66959,4.766989
202132153348,24.63278,32.70773,4.772007
202132153354,24.65423,32.73062,4.772007
20213215340,24.63278,32.73062,4.766989
20213215346,24.61133,32.73062,4.772007
202132153412,24.66496,32.73825,4.777025
202132153418,24.6435,32.73825,4.761971
202132153424,24.6435,32.73825,4.772007
202132153430,24.58987,32.73825,4.777025
202132153436,24.58987,32.73062,4.761971
202132153442,24.5577,32.76877,4.777025
202132153448,24.5577,32.76114,4.777025
202132153455,24.54697,32.79166,4.772007
20213215351,24.57916,32.84506,4.772007
20213215357,24.56843,32.87558,4.772007
202132153513,24.61133,32.89847,4.777025
202132153519,24.63278,32.89084,4.756954
202132153525,24.63278,32.88321,4.772007
202132153531,24.62206,32.89847,4.772007
202132153537,24.6006,32.88321,4.766989
202132153543,24.57916,32.91373,4.772007
202132153549,24.63278,32.93662,4.777025
202132153555,24.6006,32.92899,4.766989
20213215361,24.6435,32.92899,4.772007
20213215367,24.6864,32.91373,4.782043
202132153613,24.63278,32.92136,4.766989
202132153619,24.62206,32.92136,4.772007
202132153625,24.6435,32.92899,4.782043
202132153632,24.5577,32.9061,4.772007
202132153638,24.6006,32.94425,4.761971
202132153644,24.56843,32.93662,4.766989
202132153650,24.57916,32.95187,4.777025
202132153656,24.58987,32.95187,4.772007
20213215372,24.6006,32.99002,4.777025
20213215378,24.63278,33.01291,4.766989
202132153714,24.67568,33.02054,4.782043
202132153720,24.6435,33.01291,4.772007
202132153726,24.66496,33.01291,4.772007
202132153732,24.69713,33.0358,4.761971
202132153738,24.70786,33.0358,4.777025
202132153744,24.67568,33.05106,4.772007
202132153750,24.71858,33.04343,4.766989
202132153756,24.71858,33.0358,4.766989
20213215382,24.70786,33.0358,4.777025
20213215389,24.67568,33.05106,4.772007
202132153815,24.69713,33.05869,4.777025
202132153821,24.7293,33.06632,4.772007
202132153827,24.7293,33.05869,4.766989
202132153833,24.70786,33.04343,4.751936
202132153839,24.74003,33.05106,4.797097
202132153845,24.74003,33.02054,4.766989
202132153851,24.74003,33.02054,4.766989
202132153857,24.71858,32.97476,4.772007
20213215393,24.7293,32.96713,4.772007
20213215399,24.71858,32.94425,4.761971
202132153915,24.74003,32.92899,4.766989
202132153921,24.75075,32.9061,4.772007
202132153927,24.76148,32.87558,4.766989
202132153934,24.75075,32.8298,4.777025
202132153940,24.7722,32.80692,4.761971
202132153946,24.80438,32.80692,4.761971
202132153952,24.80438,32.78403,4.772007
202132153958,24.7722,32.74588,4.766989
20213215404,24.80438,32.73062,4.766989
202132154010,24.78293,32.70773,4.772007
202132154016,24.8151,32.70773,4.777025
202132154022,24.79366,32.67722,4.766989
202132154028,24.75075,32.68485,4.766989
202132154034,24.7722,32.71536,4.777025
202132154040,24.76148,32.74588,4.766989
202132154046,24.76148,32.76877,4.766989
202132154053,24.75075,32.7764,4.766989
202132154059,24.67568,32.79166,4.766989
20213215415,24.70786,32.79929,4.777025
202132154111,24.75075,32.81455,4.782043
202132154117,24.76148,32.8298,4.761971
202132154123,24.75075,32.82218,4.766989
202132154129,24.76148,32.83743,4.777025
202132154135,24.74003,32.86795,4.766989
202132154141,24.69713,32.92899,4.766989
202132154147,24.7293,32.96713,4.777025
202132154153,24.75075,32.99002,4.772007
202132154159,24.76148,32.97476,4.766989
20213215425,24.7722,32.9595,4.777025
202132154211,24.76148,32.93662,4.761971
202132154217,24.75075,32.94425,4.766989
202132154223,24.7293,32.9595,4.777025
202132154230,24.74003,32.95187,4.761971
202132154236,24.7293,32.9595,4.761971
202132154242,24.78293,32.97476,4.777025
202132154248,24.78293,32.9595,4.766989
202132154254,24.83656,32.94425,4.761971
20213215430,24.74003,32.92136,4.772007
20213215436,24.78293,32.89847,4.777025
202132154312,24.74003,32.87558,4.777025
202132154318,24.71858,32.89084,4.772007
202132154324,24.74003,32.9061,4.772007
202132154330,24.76148,32.89084,4.756954
202132154336,24.74003,32.87558,4.772007
202132154342,24.75075,32.9061,4.777025
202132154348,24.75075,32.92136,4.772007
202132154354,24.7293,32.95187,4.777025
20213215440,24.74003,32.9595,4.777025
20213215447,24.75075,32.97476,4.766989
202132154413,24.75075,32.99002,4.761971
202132154419,24.75075,32.99002,4.777025
202132154425,24.75075,33.00528,4.777025
202132154431,24.79366,33.01291,4.761971
202132154437,24.82583,33.00528,4.772007
202132154443,24.82583,32.97476,4.772007
202132154449,24.79366,32.9595,4.761971
202132154455,24.82583,32.94425,4.766989
20213215451,24.82583,32.91373,4.772007
20213215457,24.80438,32.93662,4.761971
202132154513,24.7293,32.91373,4.766989
202132154519,24.75075,32.92136,4.777025
202132154525,24.76148,32.92136,4.777025
202132154531,24.78293,32.92899,4.766989
202132154537,24.7722,32.95187,4.761971
202132154544,24.78293,32.97476,4.772007
202132154550,24.78293,32.98239,4.772007
202132154556,24.79366,32.98239,4.766989
20213215462,24.8151,32.9595,4.772007
20213215468,24.82583,32.97476,4.772007
202132154614,24.84728,32.93662,4.766989
202132154620,24.80438,32.91373,4.766989
202132154626,24.7722,32.87558,4.772007
202132154632,24.80438,32.85269,4.761971
202132154638,24.79366,32.82218,4.756954
202132154644,24.83656,32.81455,4.766989
202132154650,24.858,32.78403,4.772007
202132154656,24.8151,32.79166,4.766989
20213215472,24.78293,32.78403,4.772007
20213215478,24.76148,32.76877,4.772007
202132154714,24.78293,32.76114,4.772007
202132154720,24.8151,32.75351,4.766989
202132154727,24.8151,32.74588,4.777025
202132154733,24.8151,32.75351,4.766989
202132154739,24.79366,32.72299,4.766989
202132154745,24.7722,32.70773,4.772007
202132154751,24.7722,32.71536,4.777025
202132154757,24.75075,32.73062,4.766989
20213215483,24.76148,32.73825,4.777025
20213215489,24.76148,32.74588,4.772007
202132154815,24.80438,32.76114,4.766989
202132154821,24.79366,32.73825,4.766989
202132154827,24.8151,32.72299,4.777025
202132154833,24.78293,32.72299,4.766989
202132154839,24.82583,32.72299,4.766989
202132154846,24.82583,32.74588,4.782043
202132154852,24.80438,32.73825,4.766989
202132154858,24.8151,32.73825,4.766989
20213215494,24.8151,32.74588,4.777025
202132154910,24.84728,32.75351,4.777025
202132154916,24.858,32.73825,4.766989
202132154922,24.84728,32.73825,4.761971
202132154928,24.84728,32.73062,4.772007
202132154934,24.858,32.71536,4.782043
202132154940,24.8151,32.71536,4.772007
202132154946,24.82583,32.74588,4.772007
202132154952,24.8151,32.78403,4.772007
202132154958,24.80438,32.82218,4.772007
20213215504,24.79366,32.86795,4.777025
202132155011,24.80438,32.88321,4.772007
202132155017,24.79366,32.89847,4.766989
202132155023,24.75075,32.91373,4.772007
202132155029,24.82583,32.91373,4.777025
202132155035,24.82583,32.89084,4.777025
202132155041,24.7722,32.88321,4.772007
202132155047,24.75075,32.86795,4.766989
202132155053,24.6864,32.84506,4.772007
202132155059,24.5577,32.81455,4.766989
20213215515,24.63278,32.86795,4.766989
202132155111,24.66496,32.91373,4.772007
202132155117,24.66496,32.9595,4.746918
202132155123,24.70786,32.99002,4.761971
202132155129,24.67568,33.01291,4.772007
202132155135,24.71858,33.02817,4.772007
202132155141,24.67568,33.05106,4.766989
202132155148,24.67568,33.05869,4.772007
202132155154,24.66496,33.07395,4.772007
20213215520,24.67568,33.0892,4.761971
20213215526,24.6006,33.0892,4.766989
202132155212,24.67568,33.14261,4.772007
202132155218,24.67568,33.15024,4.772007
202132155224,24.62206,33.18839,4.766989
202132155230,24.63278,33.23416,4.782043
202132155236,24.61133,33.24179,4.777025
202132155242,24.6435,33.26468,4.766989
202132155248,24.62206,33.25705,4.777025
202132155254,24.66496,33.24942,4.772007
20213215530,24.67568,33.23416,4.766989
20213215536,24.63278,33.2189,4.772007
202132155312,24.69713,33.20364,4.777025
202132155318,24.66496,33.19602,4.766989
202132155325,24.65423,33.24179,4.777025
202132155331,24.6435,33.26468,4.777025
202132155337,24.6435,33.31046,4.766989
202132155343,24.66496,33.34097,4.777025
202132155349,24.6435,33.35623,4.772007
202132155355,24.65423,33.3486,4.782043
20213215541,24.66496,33.34097,4.772007
20213215547,24.71858,33.34097,4.772007
202132155413,24.74003,33.30283,4.766989
202132155419,24.7722,33.27994,4.772007
202132155425,24.7293,33.24942,4.772007
202132155431,24.74003,33.24942,4.766989
202132155437,24.78293,33.23416,4.766989
202132155443,24.76148,33.2189,4.772007
202132155449,24.78293,33.18839,4.772007
202132155455,24.78293,33.18076,4.766989
20213215552,24.76148,33.1655,4.766989
20213215558,24.7722,33.20364,4.772007
202132155514,24.76148,33.18839,4.766989
202132155520,24.78293,33.18076,4.772007
202132155526,24.8151,33.15787,4.772007
202132155532,24.8151,33.1655,4.766989
202132155538,24.84728,33.15787,4.772007
202132155544,24.7722,33.13498,4.777025
202132155550,24.79366,33.13498,4.766989
202132155556,24.7722,33.12735,4.766989
20213215562,24.7722,33.12735,4.772007
20213215568,24.79366,33.10446,4.766989
202132155614,24.80438,33.0892,4.766989
202132155620,24.78293,33.07395,4.766989
202132155626,24.82583,33.04343,4.772007
202132155632,24.82583,33.02817,4.766989
202132155639,24.82583,33.00528,4.761971
202132155645,24.8151,33.02054,4.766989
202132155651,24.82583,33.02817,4.766989
202132155657,24.83656,33.01291,4.772007
20213215573,24.858,33.00528,4.772007
20213215579,24.87946,33.01291,4.772007
202132155715,24.83656,33.01291,4.761971
202132155721,24.86873,33.0358,4.766989
202132155727,24.83656,33.0358,4.782043
202132155733,24.83656,33.06632,4.772007
202132155739,24.82583,33.05869,4.766989
202132155745,24.82583,33.06632,4.772007
202132155751,24.84728,33.06632,4.777025
202132155758,24.79366,33.05106,4.766989
20213215584,24.79366,33.05869,4.766989
202132155810,24.78293,33.05106,4.777025
202132155816,24.7722,33.05869,4.766989
202132155822,24.74003,33.05106,4.766989
202132155828,24.7293,33.04343,4.766989
202132155834,24.70786,33.06632,4.772007
202132155840,24.69713,33.0892,4.766989
202132155846,24.69713,33.0892,4.766989
202132155852,24.6864,33.10446,4.772007
202132155858,24.70786,33.11972,4.766989
20213215594,24.70786,33.14261,4.761971
202132155910,24.7293,33.15024,4.772007
202132155916,24.7293,33.15024,4.772007
202132155923,24.74003,33.13498,4.766989
202132155929,24.7722,33.15024,4.777025
202132155935,24.75075,33.13498,4.766989
202132155941,24.76148,33.11972,4.766989
202132155947,24.76148,33.13498,4.777025
202132155953,24.74003,33.1655,4.746918
202132155959,24.70786,33.2189,4.766989
2021321605,24.75075,33.24942,4.772007
20213216011,24.75075,33.25705,4.782043
20213216017,24.74003,33.30283,4.772007
20213216023,24.75075,33.34097,4.766989
20213216029,24.75075,33.3486,4.772007
20213216035,24.74003,33.37149,4.772007
20213216041,24.66496,33.32572,4.766989
20213216047,24.70786,33.34097,4.772007
20213216053,24.75075,33.37149,4.782043
2021321610,24.76148,33.37149,4.772007
2021321616,24.75075,33.34097,4.772007
20213216112,24.70786,33.31809,4.782043
20213216118,24.70786,33.33334,4.772007
20213216124,24.7293,33.33334,4.766989
20213216130,24.69713,33.30283,4.777025
20213216136,24.65423,33.28757,4.777025
20213216142,24.74003,33.28757,4.772007
20213216148,24.76148,33.27231,4.777025
20213216154,24.75075,33.22653,4.772007
2021321620,24.70786,33.24942,4.766989
2021321626,24.74003,33.27994,4.782043
20213216212,24.75075,33.2952,4.777025
20213216218,24.74003,33.31809,4.761971
20213216224,24.76148,33.32572,4.772007
20213216230,24.76148,33.31046,4.777025
20213216237,24.78293,33.34097,4.766989
20213216243,24.79366,33.3486,4.772007
20213216249,24.79366,33.35623,4.787061
20213216255,24.8151,33.35623,4.777025
2021321631,24.79366,33.3486,4.766989
2021321637,24.82583,33.36386,4.766989
20213216313,24.80438,33.37149,4.766989
20213216319,24.84728,33.38675,4.766989
20213216325,24.87946,33.38675,4.772007
20213216331,24.9009,33.3486,4.766989
20213216337,24.89018,33.31809,4.772007
20213216343,24.84728,33.28757,4.772007
20213216349,24.858,33.27231,4.766989
20213216355,24.84728,33.24942,4.772007
2021321641,24.858,33.23416,4.766989
2021321647,24.83656,33.18839,4.777025
20213216414,24.84728,33.18839,4.772007
20213216420,24.858,33.17313,4.772007
20213216426,24.86873,33.15787,4.777025
20213216432,24.858,33.13498,4.777025
20213216438,24.87946,33.12735,4.777025
20213216444,24.86873,33.0892,4.777025
20213216450,24.858,33.07395,4.772007
20213216456,24.86873,33.05106,4.766989
2021321652,24.79366,33.06632,4.777025
2021321658,24.8151,33.08157,4.772007
20213216514,24.78293,33.07395,4.766989
20213216520,24.82583,33.07395,4.772007
20213216526,24.8151,33.08157,4.772007
20213216532,24.83656,33.08157,4.766989
20213216538,24.7722,33.07395,4.777025
20213216544,24.78293,33.11972,4.777025
20213216551,24.78293,33.14261,4.772007
20213216557,24.79366,33.1655,4.782043
2021321663,24.74003,33.18076,4.772007
2021321669,24.7722,33.19602,4.766989
20213216615,24.74003,33.21127,4.766989
20213216621,24.79366,33.21127,4.782043
20213216627,24.7722,33.23416,4.772007
20213216633,24.8151,33.23416,4.766989
20213216639,24.79366,33.2189,4.772007
20213216645,24.74003,33.2189,4.772007
20213216651,24.78293,33.2189,4.772007
20213216657,24.7722,33.24179,4.777025
2021321673,24.76148,33.27231,4.777025
2021321679,24.74003,33.2952,4.766989
20213216715,24.74003,33.31809,4.772007
20213216722,24.7293,33.32572,4.772007
20213216728,24.74003,33.33334,4.766989
20213216734,24.80438,33.35623,4.772007
20213216740,24.76148,33.31809,4.777025
20213216746,24.80438,33.32572,4.756954
20213216752,24.82583,33.31046,4.766989
20213216758,24.82583,33.28757,4.772007
2021321684,24.82583,33.28757,4.772007
20213216810,24.79366,33.27994,4.761971
20213216816,24.79366,33.28757,4.772007
20213216822,24.82583,33.27994,4.777025
20213216828,24.78293,33.26468,4.761971
20213216834,24.8151,33.24942,4.772007
20213216841,24.7722,33.24942,4.766989
20213216847,24.75075,33.23416,4.761971
20213216853,24.79366,33.23416,4.772007
20213216859,24.8151,33.2189,4.772007
2021321695,24.79366,33.20364,4.766989
20213216911,24.858,33.2189,4.772007
20213216917,24.84728,33.20364,4.777025
20213216923,24.80438,33.18076,4.766989
20213216929,24.80438,33.18076,4.761971
20213216935,24.7722,33.19602,4.777025
20213216941,24.82583,33.18076,4.772007
20213216947,24.80438,33.18839,4.756954
20213216953,24.7722,33.18076,4.782043
20213216959,24.79366,33.18076,4.772007
20213216105,24.79366,33.19602,4.766989
202132161012,24.78293,33.18839,4.772007
202132161018,24.80438,33.18076,4.766989
202132161024,24.78293,33.17313,4.766989
202132161030,24.8151,33.18076,4.772007
202132161036,24.84728,33.18839,4.777025
202132161042,24.82583,33.1655,4.766989
202132161048,24.79366,33.15024,4.777025
202132161054,24.8151,33.15024,4.766989
20213216110,24.79366,33.15787,4.766989
20213216116,24.78293,33.1655,4.772007
202132161112,24.78293,33.1655,4.772007
202132161118,24.80438,33.18076,4.777025
202132161124,24.75075,33.17313,4.777025
202132161130,24.75075,33.1655,4.766989
202132161136,24.71858,33.18839,4.766989
202132161142,24.76148,33.21127,4.777025
202132161149,24.74003,33.22653,4.766989
202132161155,24.74003,33.24179,4.766989
20213216121,24.75075,33.25705,4.777025
20213216127,24.8151,33.25705,4.772007
202132161213,24.80438,33.24942,4.766989
202132161219,24.7722,33.24179,4.777025
202132161225,24.78293,33.24942,4.777025
202132161231,24.82583,33.23416,4.766989
202132161237,24.80438,33.2189,4.772007
202132161243,24.75075,33.22653,4.761971
202132161249,24.76148,33.25705,4.761971
202132161255,24.7293,33.22653,4.777025
20213216131,24.76148,33.25705,4.761971
20213216137,24.79366,33.27231,4.761971
202132161313,24.79366,33.26468,4.772007
202132161319,24.76148,33.27231,4.772007
202132161326,24.8151,33.27231,4.766989
202132161332,24.8151,33.26468,4.772007
202132161338,24.84728,33.25705,4.772007
202132161344,24.79366,33.27231,4.766989
202132161350,24.79366,33.24942,4.766989
202132161356,24.78293,33.26468,4.766989
20213216142,24.78293,33.2952,4.766989
20213216148,24.7293,33.31809,4.766989
202132161414,24.79366,33.34097,4.777025
202132161420,24.79366,33.34097,4.772007
202132161426,24.76148,33.31809,4.772007
202132161432,24.78293,33.32572,4.772007
202132161438,24.71858,33.30283,4.772007
202132161444,24.74003,33.32572,4.766989
202132161450,24.75075,33.37149,4.772007
202132161456,24.74003,33.40964,4.772007
20213216153,24.75075,33.40201,4.766989
20213216159,24.76148,33.38675,4.777025
202132161515,24.78293,33.38675,4.766989
202132161521,24.79366,33.38675,4.766989
202132161527,24.82583,33.38675,4.777025
202132161533,24.8151,33.3486,4.782043
202132161539,24.7722,33.32572,4.766989
202132161545,24.80438,33.31809,4.777025
202132161551,24.79366,33.30283,4.772007
202132161557,24.7722,33.2952,4.766989
20213216163,24.75075,33.2952,4.766989
20213216169,24.75075,33.28757,4.777025
202132161615,24.79366,33.28757,4.772007
202132161621,24.79366,33.2952,4.772007
202132161627,24.80438,33.27231,4.756954
202132161634,24.7293,33.24179,4.772007
202132161640,24.7293,33.24179,4.772007
202132161646,24.74003,33.25705,4.777025
202132161652,24.76148,33.27994,4.777025
202132161658,24.78293,33.27994,4.761971
20213216174,24.74003,33.31046,4.766989
202132161710,24.7722,33.31809,4.777025
202132161716,24.71858,33.31809,4.772007
202132161722,24.75075,33.33334,4.7419
202132161728,24.75075,33.33334,4.777025
202132161734,24.7722,33.31809,4.782043
202132161740,24.7722,33.3486,4.766989
202132161746,24.79366,33.32572,4.766989
202132161753,24.79366,33.32572,4.772007
202132161759,24.76148,33.33334,4.766989
20213216185,24.74003,33.32572,4.772007
202132161811,24.76148,33.3486,4.777025
202132161817,24.78293,33.35623,4.772007
202132161823,24.74003,33.3486,4.772007
202132161829,24.78293,33.35623,4.782043
202132161835,24.75075,33.33334,4.772007
202132161841,24.79366,33.3486,4.766989
202132161847,24.78293,33.37149,4.782043
202132161853,24.7293,33.36386,4.777025
202132161859,24.78293,33.37149,4.766989
20213216195,24.75075,33.36386,4.766989
202132161911,24.76148,33.3486,4.777025
202132161917,24.79366,33.35623,4.766989
202132161923,24.82583,33.31809,4.766989
202132161930,24.8151,33.33334,4.787061
202132161936,24.79366,33.34097,4.772007
202132161942,24.80438,33.37149,4.772007
202132161948,24.8151,33.40201,4.772007
202132161954,24.8151,33.41727,4.766989
20213216200,24.84728,33.41727,4.766989
20213216206,24.87946,33.44016,4.777025
202132162012,24.87946,33.40201,4.782043
202132162018,24.858,33.39438,4.766989
202132162024,24.84728,33.37912,4.777025
202132162030,24.858,33.37149,4.766989
202132162036,24.83656,33.35623,4.777025
202132162042,24.84728,33.3486,4.777025
202132162048,24.83656,33.31809,4.772007
202132162054,24.80438,33.32572,4.766989
20213216210,24.80438,33.31809,4.777025
20213216217,24.82583,33.31809,4.772007
202132162113,24.79366,33.31809,4.766989
202132162119,24.8151,33.2952,4.772007
202132162125,24.8151,33.2952,4.772007
202132162131,24.8151,33.28757,4.761971
202132162137,24.79366,33.26468,4.766989
202132162143,24.80438,33.24942,4.777025
202132162149,24.80438,33.21127,4.772007
202132162155,24.82583,33.21127,4.772007
20213216221,24.84728,33.18839,4.777025
20213216227,24.80438,33.1655,4.772007
202132162213,24.82583,33.15024,4.766989
202132162219,24.82583,33.15787,4.777025
202132162225,24.82583,33.15787,4.772007
202132162231,24.80438,33.15024,4.766989
202132162237,24.7722,33.1655,4.766989
202132162244,24.82583,33.19602,4.777025
202132162250,24.8151,33.19602,4.766989
202132162256,24.78293,33.18839,4.756954
20213216232,24.79366,33.20364,4.772007
20213216238,24.83656,33.23416,4.766989
202132162314,24.84728,33.22653,4.766989
202132162320,24.84728,33.21127,4.777025
202132162326,24.84728,33.20364,4.766989
202132162332,24.82583,33.18839,4.766989
202132162338,24.7722,33.18839,4.777025
202132162344,24.82583,33.19602,4.782043
202132162350,24.82583,33.21127,4.772007
202132162356,24.858,33.22653,4.761971
20213216242,24.91163,33.22653,4.777025
20213216248,24.91163,33.24179,4.772007
202132162414,24.93308,33.23416,4.761971
202132162421,24.92236,33.23416,4.766989
202132162427,24.94381,33.21127,4.761971
202132162433,24.92236,33.20364,4.766989
202132162439,24.91163,33.20364,4.772007
202132162445,24.93308,33.22653,4.777025
202132162451,24.91163,33.21127,4.761971
202132162457,24.93308,33.22653,4.772007
20213216253,24.91163,33.20364,4.772007
20213216259,24.9009,33.20364,4.772007
202132162515,24.95453,33.2189,4.766989
202132162521,24.94381,33.18839,4.777025
202132162527,24.94381,33.18076,4.772007
202132162533,24.97598,33.21127,4.766989
202132162539,24.96526,33.18839,4.766989
202132162546,24.9009,33.18076,4.777025
202132162552,24.93308,33.19602,4.772007
202132162558,24.94381,33.18839,4.772007
20213216264,24.93308,33.18839,4.777025
202132162610,24.93308,33.19602,4.782043
202132162616,24.96526,33.18839,4.766989
202132162622,24.96526,33.20364,4.772007
202132162628,24.89018,33.18076,4.761971
202132162634,24.91163,33.19602,4.772007
202132162640,24.91163,33.20364,4.772007
202132162646,24.91163,33.19602,4.772007
202132162652,24.95453,33.22653,4.772007
202132162658,24.93308,33.23416,4.766989
20213216275,24.94381,33.23416,4.777025
202132162711,24.92236,33.22653,4.772007
202132162717,24.9009,33.23416,4.772007
202132162723,24.92236,33.27231,4.772007
202132162729,24.9009,33.27231,4.777025
202132162735,24.91163,33.27994,4.766989
202132162741,24.9009,33.28757,4.766989
202132162747,24.93308,33.2952,4.772007
202132162753,24.93308,33.26468,4.766989
202132162759,24.96526,33.32572,4.761971
20213216285,24.95453,33.27994,4.777025
202132162811,24.96526,33.28757,4.777025
202132162817,24.97598,33.30283,4.761971
202132162823,24.94381,33.26468,4.777025
202132162829,24.96526,33.25705,4.772007
202132162835,24.99743,33.23416,4.772007
202132162841,24.96526,33.22653,4.761971
202132162848,24.92236,33.20364,4.772007
202132162854,24.95453,33.20364,4.766989
20213216290,24.93308,33.19602,4.761971
20213216296,24.94381,33.22653,4.766989
202132162912,24.95453,33.22653,4.777025
202132162918,24.96526,33.2189,4.807133
202132162924,24.92236,33.20364,4.756954
202132162930,24.93308,33.21127,4.777025
202132162936,24.93308,33.23416,4.772007
202132162942,24.89018,33.21127,4.782043
202132162948,24.91163,33.20364,4.766989
202132162954,24.94381,33.21127,4.777025
20213216300,24.94381,33.18076,4.761971
20213216306,24.93308,33.17313,4.761971
202132163012,24.93308,33.1655,4.766989
202132163018,24.92236,33.1655,4.777025
202132163025,24.89018,33.1655,4.766989
202132163031,24.93308,33.1655,4.761971
202132163037,24.92236,33.15024,4.797097
202132163043,24.93308,33.15024,4.777025
202132163049,24.96526,33.15787,4.761971
202132163055,24.91163,33.1655,4.766989
20213216311,24.92236,33.1655,4.772007
20213216317,24.93308,33.1655,4.766989
202132163113,24.96526,33.15024,4.766989
202132163119,24.95453,33.14261,4.772007
202132163125,24.87946,33.10446,4.766989
202132163131,24.89018,33.09683,4.766989
202132163137,24.84728,33.10446,4.766989
202132163143,24.84728,33.13498,4.777025
202132163149,24.8151,33.15024,4.766989
202132163155,24.78293,33.15024,4.766989
20213216322,24.79366,33.17313,4.772007
20213216328,24.7722,33.17313,4.777025
202132163214,24.82583,33.19602,4.761971
202132163220,24.82583,33.2189,4.777025
202132163226,24.80438,33.21127,4.777025
202132163232,24.79366,33.19602,4.761971
202132163238,24.79366,33.2189,4.766989
202132163244,24.84728,33.23416,4.772007
202132163250,24.80438,33.21127,4.772007
202132163256,24.8151,33.23416,4.756954
20213216332,24.82583,33.23416,4.772007
20213216338,24.84728,33.23416,4.777025
202132163314,24.858,33.23416,4.766989
202132163320,24.86873,33.2189,4.761971
202132163326,24.83656,33.20364,4.777025
202132163332,24.87946,33.20364,4.766989
202132163339,24.80438,33.17313,4.766989
202132163345,24.82583,33.20364,4.777025
202132163351,24.84728,33.17313,4.772007
202132163357,24.79366,33.18839,4.761971
20213216343,24.8151,33.2189,4.772007
20213216349,24.79366,33.2189,4.777025
202132163415,24.79366,33.2189,4.772007
202132163421,24.79366,33.23416,4.766989
202132163427,24.79366,33.24942,4.772007
202132163433,24.8151,33.24942,4.766989
202132163439,24.79366,33.24179,4.766989
202132163445,24.7722,33.23416,4.772007
202132163451,24.8151,33.24942,4.772007
202132163458,24.79366,33.27994,4.761971
20213216354,24.79366,33.27994,4.777025
202132163510,24.79366,33.2952,4.772007
202132163516,24.82583,33.30283,4.766989
202132163522,24.8151,33.27994,4.766989
202132163528,24.84728,33.28757,4.777025
202132163534,24.87946,33.27994,4.772007
202132163540,24.92236,33.25705,4.766989
202132163546,24.86873,33.23416,4.772007
202132163552,24.9009,33.20364,4.772007
202132163558,24.858,33.19602,4.766989
20213216364,24.89018,33.21127,4.766989
202132163610,24.89018,33.18839,4.772007
202132163616,24.89018,33.17313,4.766989
202132163623,24.86873,33.15787,4.766989
202132163629,24.86873,33.1655,4.766989
202132163635,24.84728,33.17313,4.772007
202132163641,24.83656,33.18839,4.761971
202132163647,24.7722,33.19602,4.766989
202132163653,24.7722,33.2189,4.772007
202132163659,24.7722,33.23416,4.766989
20213216375,24.79366,33.26468,4.761971
202132163711,24.80438,33.27994,4.772007
202132163717,24.83656,33.27994,4.772007
202132163723,24.79366,33.30283,4.766989
202132163729,24.84728,33.31046,4.766989
202132163735,24.79366,33.3486,4.772007
202132163741,24.78293,33.35623,4.766989
202132163747,24.79366,33.37912,4.761971
202132163753,24.75075,33.4249,4.772007
20213216380,24.82583,33.43253,4.766989
20213216386,24.84728,33.44016,4.761971
202132163812,24.83656,33.44779,4.772007
202132163818,24.84728,33.4249,4.777025
202132163824,24.91163,33.41727,4.761971
202132163830,24.9009,33.37912,4.766989
202132163836,24.858,33.37149,4.777025
202132163842,24.89018,33.3486,4.777025
202132163848,24.9009,33.3486,4.761971
202132163854,24.91163,33.32572,4.766989
20213216390,24.91163,33.31046,4.777025
20213216396,24.89018,33.2952,4.766989
202132163912,24.84728,33.27994,4.766989
202132163918,24.858,33.30283,4.772007
202132163924,24.858,33.30283,4.772007
202132163930,24.86873,33.30283,4.766989
202132163937,24.84728,33.31809,4.777025
202132163943,24.82583,33.32572,4.766989
202132163949,24.83656,33.31809,4.761971
202132163955,24.84728,33.3486,4.772007
20213216401,24.83656,33.34097,4.766989
20213216407,24.83656,33.34097,4.761971
202132164013,24.8151,33.31809,4.772007
202132164019,24.89018,33.32572,4.761971
202132164025,24.86873,33.32572,4.761971
202132164031,24.87946,33.31809,4.772007
202132164037,24.89018,33.31046,4.782043
202132164043,24.89018,33.31809,4.756954
202132164049,24.87946,33.32572,4.777025
202132164055,24.858,33.33334,4.777025
20213216411,24.87946,33.32572,4.766989
20213216417,24.84728,33.34097,4.766989
202132164114,24.86873,33.36386,4.777025
202132164120,24.83656,33.37912,4.766989
202132164126,24.86873,33.36386,4.772007
202132164132,24.83656,33.37912,4.772007
202132164138,24.86873,33.39438,4.766989
202132164144,24.858,33.38675,4.766989
202132164150,24.83656,33.39438,4.777025
202132164156,24.8151,33.37149,4.766989
20213216422,24.79366,33.36386,4.761971
20213216428,24.78293,33.38675,4.772007
202132164214,24.7722,33.37149,4.777025
202132164220,24.82583,33.40201,4.766989
202132164226,24.79366,33.37912,4.766989
202132164232,24.8151,33.37912,4.772007
202132164238,24.80438,33.37149,4.766989
202132164244,24.82583,33.37912,4.761971
202132164251,24.858,33.37912,4.777025
202132164257,24.858,33.36386,4.766989
20213216433,24.87946,33.35623,4.766989
20213216439,24.84728,33.33334,4.777025
202132164315,24.82583,33.30283,4.772007
202132164321,24.84728,33.30283,4.761971
202132164327,24.82583,33.31046,4.766989
202132164333,24.83656,33.31809,4.772007
202132164339,24.84728,33.32572,4.766989
202132164345,24.89018,33.31046,4.766989
202132164351,24.86873,33.2952,4.777025
202132164357,24.89018,33.30283,4.772007
20213216443,24.82583,33.27994,4.766989
202132164410,24.858,33.2952,4.772007
202132164416,24.83656,33.31809,4.766989
202132164422,24.84728,33.33334,4.772007
202132164428,24.84728,33.33334,4.777025
202132164434,24.858,33.33334,4.777025
202132164440,24.83656,33.31809,4.766989
202132164446,24.89018,33.2952,4.766989
202132164452,24.858,33.2952,4.782043
202132164458,24.86873,33.27994,4.761971
20213216454,24.858,33.2952,4.766989
202132164510,24.858,33.28757,4.777025
202132164516,24.86873,33.30283,4.772007
202132164522,24.86873,33.30283,4.772007
202132164528,24.87946,33.2952,4.777025
202132164535,24.87946,33.31046,4.772007
202132164541,24.83656,33.2952,4.772007
202132164547,24.8151,33.2952,4.772007
202132164553,24.82583,33.31046,4.777025
202132164559,24.8151,33.32572,4.766989
20213216465,24.80438,33.31046,4.772007
202132164611,24.80438,33.34097,4.772007
202132164617,24.86873,33.36386,4.766989
202132164623,24.79366,33.37912,4.766989
202132164629,24.79366,33.41727,4.772007
202132164635,24.84728,33.46304,4.772007
